a001_05.pgm
(71,96) (108,139) (163,192) (258,85) (318,197) 

a001_07.pgm
(68,90) (106,105) (136,161) (344,129) (327,195)

a001_09.pgm
(279,132) (311,176) (221,83) (174,243) (178,103)

a001_10.pgm
(133,48) (173,131) (209,153) (194,95) (259,142)

a002_04.pgm
(124,62) (131,102) (143,219) (361,67) (212,254)

a002_09.pgm
(77,98) (145,128) (200,188) (410,50) (303,245)

a002_10.pgm
(105,62) (147,114) (211,83) (240,181) (63,83)

a003_02.pgm
(118,129) (114,208) (157,94) (371,73) (347,195)

a003_04.pgm
(292,64) (285,102) (347,144) (319,37) (376,56) 

a003_05.pgm
(58,203) (109,138) (188,98) (252,141) (275,105)

a003_07.pgm
(131,211) (167,163) (242,208) (243,63) (405,73)

a003_10.pgm
(80,178) (108,15) (158,187) (301,195) (201,55)

a004_10.pgm
(98,167) (145,111) (166,178) (253,222) (222,78)

a005_02.pgm
(244,179) (153,231) (225,159) (217,93) (240,197)

a005_07.pgm
(221,219) (197,86) (277,166) (256,70) (224,212)

a005_10.pgm
(80,166) (103,237) (137,161) (111,249) (172,155)

a006_02.pgm
(139,167) (206,97) (176,191) (244,145) (261,183)

a006_05.pgm
(272,114) (169,79) (186,184) (147,101) (231,129)

a006_09.pgm
(284,134) (169,118) (232,89) (269,113) (195,174)

a006_10.pgm
(125,151) (126,122) (125,189) (155,113) (144,209)

a007_02.pgm
(77,199) (153,117) (188,129) (347,132) (331,208)

a007_10.pgm
(154,125) (164,217) (258,77) (295,172) (352,113)

a008_04.pgm
(346,100) (320,148) (164,161) (308,171) (330,124)  

a008_07.pgm
(319,114) (180,62) (157,164) (147,73) (252,167)

a008_09.pgm
(94,78) (140,114) (227,95) (254,156) (325,141)

