a001_05.pgm
(36,40) (23,61) (22,216) (50,242) (355,47) 

a001_07.pgm
(439,32) (447,203) (450,212) (19,235) (18,28)

a001_09.pgm
(24,33) (14,54) (434,252) (467,245) (468,264)

a001_10.pgm
(281,206) (290,10) (280,24) (25,25) (275,209)

a002_04.pgm
(36,277) (18,26) (36,32) (448,35) (484,51)

a002_09.pgm
(25,26) (9,60) (51,23) (488,282) (10,267)

a002_10.pgm
(18,30) (9,56) (44,19) (299,206) (18,224)

a003_02.pgm
(10,36) (70,24) (115,14) (440,270) (24,263)

a003_04.pgm
(21,178) (66,189) (56,18) (439,12) (37,29)

a003_05.pgm
(21,231) (55,238) (62,249) (323,12) (79,252) 

a003_07.pgm
(13,25) (16,63) (17,242) (63,271) (458,26)

a003_10.pgm
(296,211) (306,207) (14,24) (36,31) (18,219)

a004_10.pgm
(30,248) (65,273) (23,17) (333,238) (13,161) 

a005_02.pgm
(360,24) (384,32) (389,50) (392,86) (13,134)

a005_07.pgm
(8,290) (45,307) (358,270) (369,275) (19,24)

a005_10.pgm
(19,26) (37,44) (228,255) (228,276) (13,297)

a006_02.pgm
(17,29) (50,20) (365,122) (359,220) (20,215)

a006_05.pgm
(15,208) (61,219) (23,29) (51,38) (317,14)

a006_09.pgm
(399,211) (45,225) (20,25) (40,218) (406,18)

a006_10.pgm
(22,208) (50,208) (77,21) (107,237) (12,108)

a007_02.pgm
(23,40) (66,26) (92,33) (453,295) (415,270)

a007_10.pgm
(15,27) (69,16) (68,24) (414,270) (10,249)

a008_04.pgm
(11,236) (22,23) (31,228) (68,242) (15,219)

a008_07.pgm
(10,185) (16,193) (14,12) (415,217) (40,220)

a008_09.pgm
(12,241) (435,260) (17,17) (453,15) (258,19)

