a008_10.pgm
(28,42) (30,271) (139,27) (324,269) (12,43)

a009_04.pgm
(45,39) (47,289) (407,30) (401,286) (460,35)

a009_08.pgm
(41,38) (32,233) (391,222) (396,12) (83,15)

a009_09.pgm
(21,29) (39,275) (401,286) (487,270) (430,285)

a009_10.pgm
(35,18) (20,203) (66,205) (285,220) (13,173)

a010_04.pgm
(35,31) (39,307) (409,11) (495,15) (555,47)

a010_05.pgm
(15,15) (83,10) (426,313) (42,310) (472,315)

a010_07.pgm
(22,28) (13,242) (44,260) (500,279) (74,15)

a010_08.pgm
(469,315) (466,10) (325,7) (20,12) (10,306)

a010_09.pgm
(19,21) (89,25) (25,302) (431,318) (508,297)

a010_10.pgm
(24,19) (68,30) (26,304) (428,313) (144,12)

a011_04.pgm
(18,13) (47,34) (464,21) (472,301) (51,290)

a011_07.pgm
(9,13) (37,18) (17,265) (38,286) (91,289)

a011_10.pgm
(22,17) (50,35) (34,259) (75,24) (400,262)

a012_02.pgm
(15,25) (66,46) (416,292) (35,299) (37,75)

a012_07.pgm
(15,16) (23,198) (30,255) (90,267) (452,21)

a013_02.pgm
(21,19) (31,75) (119,17) (424,264) (15,257)

a013_05.pgm
(21,17) (12,222) (55,244) (121,271) (318,8)

a013_07.pgm
(21,10) (21,224) (31,294) (84,259) (414,27)

a014_03.pgm
(20,19) (65,23) (39,298) (477,15) (71,311)

a014_04.pgm
(27,20) (21,276) (60,295) (399,316) (449,298)

a014_05.pgm
(21,18) (385,24) (419,42) (19,272) (70,300)

a014_07.pgm
(26,22) (393,22) (428,304) (69,11) (62,285)

a014_08.pgm
(97,10) (418,333) (412,339) (399,36) (353,347)

a014_09.pgm
(19,14) (29,283) (452,13) (104,17) (58,304)
