a008_10.pgm
(234,183) (99,106) (130,231) (268,216) (297,82)

a009_04.pgm
(207,176) (189,89) (193,221) (348,220) (370,117)

a009_08.pgm
(200,144) (122,81) (135,222) (322,62) (317,184)

a009_09.pgm
(201,157) (93,165) (262,231) (316,76) (342,206)

a009_10.pgm
(158,110) (235,183) (255,54) (95,54) (110,154)

a010_04.pgm
(272,191) (139,93) (164,241) (429,114) (453,266)

a010_05.pgm
(253,183) (138,86) (142,255) (368,56) (371,240)

a010_07.pgm
(241,153) (124,82) (146,215) (403,71) (429,226)

a010_08.pgm
(173,212) (95,106) (343,101) (392,244) (437,156)

a010_09.pgm
(251,180) (134,114) (155,271) (416,220) (457,64)

a010_10.pgm
(245,188) (119,111) (125,251) (374,69) (405,234)

a011_04.pgm
(252,168) (131,83) (143,189) (405,78) (401,209)

a011_07.pgm
(212,228) (250,99) (135,60) (331,85) (325,245)

a011_10.pgm
(208,166) (95,103) (140,215) (325,214) (358,75)

a012_02.pgm
(175,175) (112,125) (323,236) (392,274) (400,87)

a012_07.pgm
(234,154) (128,51) (139,190) (371,194) (432,129)

a013_02.pgm
(297,141) (111,127) (124,228) (366,189) (390,63)

a013_05.pgm
(224,115) (127,71) (122,184) (286,222) (309,109)

a013_07.pgm
(249,180) (134,74) (114,179) (329,244) (401,136)

a014_03.pgm
(231,186) (178,95) (163,244) (250,272) (90,197)

a014_04.pgm
(66,142) (215,191) (241,48) (288,217) (106,69)

a014_05.pgm
(203,170) (130,69) (118,219) (345,83) (346,244)

a014_07.pgm
(224,134) (150,72) (133,227) (377,113) (328,246)

a014_08.pgm
(232,207) (140,112) (126,292) (331,109) (353,249) 

a014_09.pgm
(271,191) (159,121) (137,234) (376,91) (412,247)
